1	116.7644482	-26.82472208	0
1	116.7655399	-26.82598212	0
1	116.7639199	-26.82400458	0
1	116.7651234	-26.82519844	0
1	116.7632707	-26.8251632	0
1	116.7647362	-26.82463766	0
1	116.7642597	-26.82325862	0
1	116.7642824	-26.82416999	0
1	116.76438	-26.82506289	0
1	116.7654336	-26.82419534	0
1	116.7631211	-26.82429413	0
1	116.7635745	-26.82428184	0
1	116.7658808	-26.82362068	0
1	116.7644358	-26.8255531	0
1	116.7647771	-26.82533563	0
1	116.764054	-26.82459854	0
1	116.7626123	-26.82468757	0
1	116.7648029	-26.82399616	0
1	116.7658352	-26.82414453	0
1	116.7640291	-26.82512808	0
1	116.7649085	-26.82491591	0
1	116.76592	-26.82458807	0
1	116.7661627	-26.82516717	0
1	116.7651635	-26.82559726	0
1	116.7640078	-26.82355978	0
1	116.7654027	-26.82351788	0
1	116.763623	-26.82333348	0
1	116.7645438	-26.82367721	0
1	116.7647061	-26.82617453	0
1	116.7639855	-26.82568058	0
1	116.7650723	-26.82371812	0
1	116.7654382	-26.82539298	0
1	116.7650863	-26.82320406	0
1	116.7638584	-26.82607063	0
1	116.7662326	-26.82416669	0
1	116.7636826	-26.825313	0
1	116.7631402	-26.8256788	0
1	116.7651604	-26.82466117	0
1	116.7633534	-26.82474063	0
1	116.7651052	-26.82620429	0
1	116.7626254	-26.82423371	0
1	116.7636904	-26.82458619	0
1	116.7663276	-26.82449107	0
1	116.7625929	-26.82524526	0
1	116.7649674	-26.82438176	0
1	116.7638367	-26.82640251	0
1	116.7628656	-26.8238663	0
1	116.7659002	-26.82575495	0
1	116.7628386	-26.8249453	0
1	116.7645657	-26.82298227	0
1	116.7662168	-26.82557408	0
1	116.7647726	-26.82341861	0
1	116.7642471	-26.82596996	0
1	116.7633445	-26.8238249	0
1	116.7655102	-26.82451286	0
1	116.7664459	-26.8248581	0
1	116.7629456	-26.8254135	0
1	116.7648417	-26.82577849	0
1	116.7635399	-26.82582645	0
1	116.7644183	-26.82448199	0
1	116.7656886	-26.82504806	0
1	116.7631797	-26.82605715	0
1	116.7634832	-26.82624136	0
1	116.763684	-26.82495975	0
1	116.7632454	-26.82340203	0
1	116.7639195	-26.82303146	0
1	116.7643659	-26.82645226	0
1	116.762996	-26.82465271	0
1	116.7654434	-26.82316337	0
1	116.7655698	-26.82382532	0
1	116.7642254	-26.82381443	0
1	116.7658689	-26.82541509	0
1	116.7661605	-26.82381893	0
1	116.7648361	-26.82648871	0
1	116.762772	-26.82568999	0
1	116.7653454	-26.82494098	0
1	116.7663944	-26.82617565	0
1	116.7664468	-26.82650837	0
1	116.7625601	-26.82260188	0
1	116.7657815	-26.82657439	0
1	116.7616289	-26.82384839	0
1	116.7652462	-26.82734339	0
1	116.7631213	-26.82666532	0
1	116.7672825	-26.82346752	0
1	116.7627999	-26.82644619	0
1	116.7664591	-26.82314495	0
1	116.7635966	-26.82688522	0
1	116.7621415	-26.8254654	0
1	116.764998	-26.82695038	0
1	116.7629746	-26.82285708	0
1	116.7615335	-26.82422313	0
1	116.7627927	-26.82686624	0
1	116.7617537	-26.82455842	0
1	116.7632495	-26.82217299	0
1	116.7672552	-26.82585337	0
1	116.7621609	-26.82416921	0
1	116.761874	-26.82327722	0
1	116.7653964	-26.82272323	0
1	116.7671022	-26.82427994	0
1	116.7656369	-26.82703905	0
1	116.7656085	-26.82629731	0
1	116.763807	-26.82221824	0
1	116.7634192	-26.82276293	0
1	116.7668948	-26.82564607	0
1	116.7661372	-26.82255359	0
1	116.7640186	-26.82263542	0
1	116.7621211	-26.82296638	0
1	116.7668842	-26.82385968	0
1	116.7622668	-26.82505449	0
1	116.7658279	-26.82239906	0
1	116.7649912	-26.82236118	0
1	116.7626226	-26.82598492	0
1	116.7645539	-26.82694785	0
1	116.7633663	-26.82718924	0
1	116.7622453	-26.82341098	0
1	116.7616692	-26.82577828	0
1	116.7628237	-26.82354014	0
1	116.7660285	-26.82622295	0
1	116.7642422	-26.82201412	0
1	116.7667019	-26.82340513	0
1	116.7665894	-26.82535037	0
1	116.7621203	-26.82373723	0
1	116.7645773	-26.82234715	0
1	116.7662301	-26.82342668	0
1	116.7672749	-26.82481892	0
1	116.7624309	-26.82653613	0
1	116.766926	-26.82617013	0
1	116.7620173	-26.82651026	0
1	116.7622932	-26.82623597	0
1	116.7617214	-26.82541223	0
1	116.7640445	-26.82718983	0
1	116.7667126	-26.82415317	0
1	116.7661493	-26.82672156	0
1	116.7668224	-26.82295559	0
1	116.7653755	-26.82224409	0
1	116.7616432	-26.82507543	0
1	116.7675196	-26.82533617	0
1	116.7626337	-26.82301075	0
1	116.7647103	-26.82190813	0
1	116.7631223	-26.82255216	0
1	116.7622778	-26.8258963	0
1	116.7668197	-26.82653546	0
1	116.7642399	-26.82680215	0
1	116.7661542	-26.82704072	0
1	116.7674227	-26.82443615	0
1	116.7666547	-26.82590629	0
1	116.7661875	-26.82288295	0
1	116.7669636	-26.82463374	0
1	116.7644075	-26.82266232	0
1	116.7664854	-26.82271089	0
1	116.7665177	-26.82374226	0
1	116.7613343	-26.82451061	0
1	116.7612312	-26.82550191	0
1	116.7686378	-26.82529022	0
1	116.7605929	-26.82579734	0
1	116.7650951	-26.82117971	0
1	116.7653222	-26.8280368	0
1	116.7627565	-26.82784591	0
1	116.764037	-26.82792142	0
1	116.7683599	-26.82601356	0
1	116.7609995	-26.82640912	0
1	116.7640259	-26.82096612	0
1	116.7618694	-26.8227134	0
1	116.7676604	-26.82675263	0
1	116.7665496	-26.82770799	0
1	116.7686127	-26.82458774	0
1	116.7653518	-26.82141498	0
1	116.7659312	-26.82734683	0
1	116.7610827	-26.82372739	0
1	116.7677769	-26.82592112	0
1	116.7609614	-26.82337974	0
1	116.7661936	-26.82755908	0
1	116.7658204	-26.82776267	0
1	116.7645573	-26.82851292	0
1	116.767146	-26.8269159	0
1	116.7627073	-26.82148846	0
1	116.7613301	-26.82291113	0
1	116.7634317	-26.82799351	0
1	116.7611987	-26.82487698	0
1	116.7644733	-26.82135602	0
1	116.7677047	-26.8235112	0
1	116.7677574	-26.82414156	0
1	116.7613807	-26.82344169	0
1	116.766763	-26.82156738	0
1	116.7623196	-26.82792623	0
1	116.7618808	-26.82684172	0
1	116.7611495	-26.82416534	0
1	116.7678962	-26.82551428	0
1	116.7682371	-26.82470261	0
1	116.7680438	-26.8233971	0
1	116.7685012	-26.8241408	0
1	116.7648745	-26.82773344	0
1	116.7614764	-26.82718221	0
1	116.7637109	-26.82115804	0
1	116.7622888	-26.82736392	0
1	116.7665419	-26.8218194	0
1	116.7670628	-26.82233543	0
1	116.7645424	-26.82761733	0
1	116.7682532	-26.82523962	0
1	116.7610607	-26.82257748	0
1	116.766963	-26.82528073	0
1	116.7634067	-26.82842181	0
1	116.7637098	-26.827613	0
1	116.760337	-26.8246924	0
1	116.7652939	-26.8283618	0
1	116.7608787	-26.82458576	0
1	116.7653751	-26.82768902	0
1	116.7659601	-26.82093591	0
1	116.7655451	-26.82080717	0
1	116.7660134	-26.82141401	0
1	116.765662	-26.8215957	0
1	116.7656703	-26.82117011	0
1	116.7663145	-26.82120899	0
1	116.7600867	-26.82541986	0
1	116.7607958	-26.82543758	0
1	116.7602056	-26.82500971	0
1	116.7600324	-26.8258537	0
1	116.7597561	-26.8256036	0
1	116.7605133	-26.82521484	0
1	116.767651	-26.8278177	0
1	116.7672891	-26.82765479	0
1	116.7673298	-26.82721763	0
1	116.766967	-26.82782358	0
1	116.7675715	-26.82745917	0
1	116.7668773	-26.82748782	0
1	116.7627663	-26.82017705	0
1	116.7624285	-26.81991547	0
1	116.7627393	-26.81976351	0
1	116.7621333	-26.81972558	0
1	116.7629951	-26.81950173	0
1	116.7624133	-26.81922925	0
1	116.7575812	-26.82106002	0
1	116.7571411	-26.82075518	0
1	116.7582742	-26.82063137	0
1	116.7576853	-26.82062054	0
1	116.7572467	-26.82034479	0
1	116.7579644	-26.82030267	0
1	116.7530506	-26.82574525	0
1	116.7534118	-26.8257181	0
1	116.7525791	-26.82539971	0
1	116.7533349	-26.82533874	0
1	116.7529682	-26.82530981	0
1	116.7530614	-26.82497726	0
1	116.7520466	-26.83431587	0
1	116.7524497	-26.83423445	0
1	116.7524928	-26.83386187	0
1	116.7528935	-26.8337915	0
1	116.7519148	-26.83370172	0
1	116.7522365	-26.83333486	0
1	116.7601497	-26.82900989	0
1	116.7606991	-26.82898023	0
1	116.7610568	-26.82891341	0
1	116.7604849	-26.8287265	0
1	116.7608437	-26.82863455	0
1	116.7602443	-26.82831962	0
1	116.7642049	-26.8323567	0
1	116.7634234	-26.8323525	0
1	116.7637745	-26.83221191	0
1	116.7634227	-26.83203244	0
1	116.7641982	-26.83189926	0
1	116.763739	-26.83178841	0
1	116.771122	-26.83354856	0
1	116.7707261	-26.83354453	0
1	116.7702908	-26.83336839	0
1	116.7708843	-26.83325587	0
1	116.770381	-26.83298091	0
1	116.7709195	-26.83279833	0
1	116.7793212	-26.83009728	0
1	116.7791814	-26.82979154	0
1	116.7795292	-26.82971812	0
1	116.7788501	-26.82946553	0
1	116.7795128	-26.82936374	0
1	116.7791201	-26.82908633	0
1	116.7703631	-26.82615138	0
1	116.7699892	-26.82591782	0
1	116.7696118	-26.82585567	0
1	116.7703549	-26.82583525	0
1	116.7700985	-26.82545142	0
1	116.7704838	-26.82537765	0
1	116.772083	-26.82189476	0
1	116.7714744	-26.82176823	0
1	116.7718145	-26.82163965	0
1	116.7712388	-26.82140139	0
1	116.7721587	-26.82131996	0
1	116.7718594	-26.82104472	0
1	116.769971	-26.81601882	0
1	116.7696285	-26.81562856	0
1	116.7690852	-26.81555426	0
1	116.7701158	-26.81550478	0
1	116.7692767	-26.81523649	0
1	116.7697275	-26.81514361	0
1	116.7618649	-26.81117181	0
1	116.7613392	-26.81110183	0
1	116.7621652	-26.81092563	0
1	116.7616863	-26.81074688	0
1	116.7618862	-26.8104525	0
1	116.7613224	-26.81043869	0
1	116.7587488	-26.84394699	0
1	116.7593113	-26.84366272	0
1	116.758716	-26.84360499	0
1	116.7582899	-26.84348559	0
1	116.7590691	-26.84327509	0
1	116.7587759	-26.84296827	0
1	116.7717769	-26.84975404	0
1	116.7721822	-26.84962038	0
1	116.7717076	-26.8492535	0
1	116.7723117	-26.84915399	0
1	116.7713075	-26.84908174	0
1	116.7720743	-26.8488616	0
1	116.7906677	-26.84866896	0
1	116.7910262	-26.84854895	0
1	116.7903222	-26.84848215	0
1	116.7913485	-26.84839303	0
1	116.7906526	-26.84806248	0
1	116.7910011	-26.84790263	0
1	116.8116745	-26.8363453	0
1	116.8121999	-26.83616165	0
1	116.8112332	-26.8360942	0
1	116.8120439	-26.83577632	0
1	116.8116774	-26.83574934	0
1	116.8111896	-26.83568571	0
1	116.8261115	-26.81023238	0
1	116.8264827	-26.80995352	0
1	116.826081	-26.8097928	0
1	116.8267997	-26.80959316	0
1	116.826478	-26.80945514	0
1	116.8260119	-26.80945385	0
1	116.7491272	-26.81152597	0
1	116.7490547	-26.81109842	0
1	116.7496873	-26.81091406	0
1	116.7486614	-26.81087983	0
1	116.7492924	-26.81082273	0
1	116.7488724	-26.8105963	0
1	116.7369384	-26.81849759	0
1	116.7374566	-26.81848799	0
1	116.7372028	-26.81825846	0
1	116.7376329	-26.81799621	0
1	116.7367779	-26.81796736	0
1	116.7372458	-26.8178076	0
1	116.7286485	-26.83374709	0
1	116.7281764	-26.83347982	0
1	116.7290074	-26.83342162	0
1	116.7286519	-26.8332142	0
1	116.7288959	-26.8329414	0
1	116.728237	-26.83288695	0
1	116.7296735	-26.8560953	0
1	116.7300576	-26.8560741	0
1	116.7304059	-26.85574847	0
1	116.7300923	-26.85559479	0
1	116.7297105	-26.85548493	0
1	116.7300099	-26.8551816	0
1	116.7478812	-26.88073626	0
1	116.7473977	-26.88057617	0
1	116.7478699	-26.88033877	0
1	116.7473076	-26.88021958	0
1	116.7483166	-26.88001382	0
1	116.7475354	-26.87992913	0
1	116.7851002	-26.82014855	0
1	116.7855278	-26.82006489	0
1	116.7848767	-26.81983794	0
1	116.7852767	-26.81970067	0
1	116.785792	-26.81951644	0
1	116.785225	-26.8193791	0
1	116.7843351	-26.8070545	0
1	116.784902	-26.80703233	0
1	116.7845194	-26.80677593	0
1	116.7841326	-26.80675068	0
1	116.7849203	-26.80671248	0
1	116.7845937	-26.80636045	0
1	116.7739721	-26.79281135	0
1	116.7735765	-26.792698	0
1	116.7743154	-26.79269621	0
1	116.7745857	-26.79247191	0
1	116.7742106	-26.79234492	0
1	116.7738522	-26.792231	0
1	116.7515433	-26.78285983	0
1	116.752285	-26.78263646	0
1	116.7513539	-26.78258462	0
1	116.7517881	-26.7824441	0
1	116.7514499	-26.78225374	0
1	116.7520839	-26.78213682	0
1	116.7193487	-26.78450672	0
1	116.7196165	-26.78423906	0
1	116.7188221	-26.78418602	0
1	116.71924	-26.78408511	0
1	116.7194779	-26.78376003	0
1	116.718931	-26.78372956	0
1	116.8347371	-26.86176268	0
1	116.834348	-26.86159647	0
1	116.8353121	-26.8615534	0
1	116.8347631	-26.86125593	0
1	116.8344672	-26.86094903	0
1	116.8351963	-26.86090599	0
1	116.8641579	-26.85878643	0
1	116.8636119	-26.85870578	0
1	116.8638423	-26.85834261	0
1	116.8646105	-26.85829028	0
1	116.8636348	-26.85805447	0
1	116.8643041	-26.85797243	0
1	116.8672039	-26.90680861	0
1	116.8667745	-26.90652953	0
1	116.8662078	-26.90646679	0
1	116.8671252	-26.90629902	0
1	116.8667427	-26.90614098	0
1	116.8663364	-26.90612716	0
1	116.9401077	-26.83064117	0
1	116.9392886	-26.8306141	0
1	116.9397308	-26.83051693	0
1	116.9393104	-26.8302564	0
1	116.939966	-26.83021914	0
1	116.9396636	-26.83002688	0
1	116.9922323	-26.79902736	0
1	116.9916868	-26.79866777	0
1	116.9920482	-26.7986387	0
1	116.9926364	-26.79850684	0
1	116.9919191	-26.7982143	0
1	116.9925288	-26.79820227	0
1	117.0158578	-26.69732178	0
1	117.0155882	-26.69708802	0
1	117.0162532	-26.6969127	0
1	117.0156053	-26.69673156	0
1	117.0159925	-26.69667824	0
1	117.0151704	-26.69667332	0
1	117.1008345	-26.69055242	0
1	117.1003946	-26.69039417	0
1	117.1014443	-26.69031374	0
1	117.1006012	-26.69008062	0
1	117.1009888	-26.68998431	0
1	117.1006102	-26.68974898	0
1	116.6934694	-26.86364934	0
1	116.6936477	-26.86332065	0
1	116.6940413	-26.86328963	0
1	116.6933202	-26.86314137	0
1	116.6937032	-26.86286849	0
1	116.6932109	-26.86280413	0
1	116.6668404	-26.89933818	0
1	116.6672183	-26.89931558	0
1	116.6674161	-26.89901239	0
1	116.6662459	-26.898997	0
1	116.6667466	-26.89886667	0
1	116.6667282	-26.89853735	0
1	116.621806	-26.86551456	0
1	116.6212838	-26.86537586	0
1	116.6209025	-26.86524562	0
1	116.6215548	-26.86514601	0
1	116.6213153	-26.86482914	0
1	116.6217019	-26.86470905	0
1	116.654655	-26.94980057	0
1	116.6543054	-26.94974299	0
1	116.6546702	-26.94945108	0
1	116.6541229	-26.94929703	0
1	116.6550111	-26.94917824	0
1	116.6544358	-26.94914686	0
1	116.6724452	-27.01275912	0
1	116.6721744	-27.01249221	0
1	116.6726362	-27.01237268	0
1	116.6730036	-27.01226612	0
1	116.6721143	-27.0121388	0
1	116.6726135	-27.01183478	0
1	116.7350929	-27.06405311	0
1	116.7346518	-27.06377415	0
1	116.7350833	-27.06373507	0
1	116.7355045	-27.06359356	0
1	116.7345239	-27.06347916	0
1	116.7350733	-27.06318397	0
1	116.7249633	-27.1277494	0
1	116.7244782	-27.12761601	0
1	116.7253556	-27.12752824	0
1	116.7248094	-27.12736266	0
1	116.724343	-27.12729809	0
1	116.7250603	-27.12713916	0
1	116.7629117	-26.75105887	0
1	116.7625575	-26.75091736	0
1	116.7622003	-26.75086263	0
1	116.7629698	-26.75068532	0
1	116.7626113	-26.75056634	0
1	116.7623293	-26.75031407	0
1	116.8051832	-26.72196935	0
1	116.8048251	-26.72182177	0
1	116.8052279	-26.72161185	0
1	116.804888	-26.7214978	0
1	116.8056074	-26.72145048	0
1	116.8051393	-26.72108151	0
1	116.7246454	-26.71301006	0
1	116.7254414	-26.71294578	0
1	116.724987	-26.71276973	0
1	116.7253591	-26.71246973	0
1	116.7244721	-26.71244054	0
1	116.7250108	-26.71240138	0
1	116.6800133	-26.6850214	0
1	116.6804197	-26.68492388	0
1	116.6797939	-26.68475241	0
1	116.680207	-26.68455841	0
1	116.6798233	-26.68435021	0
1	116.6802391	-26.68422317	0
1	116.6251826	-26.66182193	0
1	116.6254959	-26.66167061	0
1	116.6252036	-26.66138424	0
1	116.6248264	-26.6613602	0
1	116.6254433	-26.66107185	0
1	116.6248821	-26.66097463	0
1	116.5451234	-26.70516586	0
1	116.5456468	-26.70502263	0
1	116.5447981	-26.70481611	0
1	116.5452092	-26.7047463	0
1	116.5455271	-26.70460081	0
1	116.5448237	-26.70440536	0
1	116.4524469	-26.60137167	0
1	116.4531217	-26.60115099	0
1	116.4525556	-26.60097515	0
1	116.4530242	-26.60081122	0
1	116.4521976	-26.60076065	0
1	116.4525843	-26.60061336	0
0	116.7644482	-26.82472208	0
