13.50	21.44380306	-30.7129252
13.50	21.44390085	-30.7126053
13.50	21.44355442	-30.7130784
13.50	21.44319474	-30.7128804
13.50	21.44259918	-30.7133365
13.50	21.44282392	-30.7136089
13.50	21.44369852	-30.7137203
13.50	21.44295430	-30.7146877
13.50	21.44291274	-30.7158809
13.50	21.44422681	-30.7144023
13.50	21.44480900	-30.7156723
13.50	21.44476593	-30.7142314
13.50	21.44535056	-30.7143767
13.50	21.44636072	-30.7146042
13.50	21.44681895	-30.7136326
13.50	21.44608845	-30.7130315
13.50	21.44689743	-30.7127321
13.50	21.44597304	-30.7120682
13.50	21.44499267	-30.7132730
13.50	21.44567218	-30.7136279
13.50	21.44490234	-30.7137580
13.50	21.44079994	-30.7140072
13.50	21.44052529	-30.7123380
13.50	21.43999592	-30.7110509
13.50	21.44022471	-30.7097024
13.50	21.44198987	-30.7090209
13.50	21.44285617	-30.7109017
13.50	21.44431225	-30.7112644
13.50	21.44335543	-30.7118418
13.50	21.44296272	-30.7121746
13.50	21.44567669	-30.7100276
13.50	21.44646253	-30.7102101
13.50	21.44870382	-30.7094729
13.50	21.44995027	-30.7032637
13.50	21.44762369	-30.7113107
13.50	21.44792048	-30.7126872
13.50	21.44794236	-30.7136776
13.50	21.44785900	-30.7151979
13.50	21.44611607	-30.7161882
13.50	21.44653843	-30.7163964
13.50	21.44360936	-30.7174789
13.50	21.44088800	-30.7170230
13.50	21.44011369	-30.7152067
13.50	21.43731453	-30.7122126
13.50	21.43453602	-30.7056401
13.50	21.42475874	-30.7086493
13.50	21.42857562	-30.6952554
13.50	21.43785295	-30.7157209
13.50	21.41461230	-30.6868209
13.50	21.40625266	-30.7071143
13.50	21.42246555	-30.7186625
13.50	21.43501372	-30.7179944
13.50	21.43769653	-30.7214148
13.50	21.44398726	-30.7228197
13.50	21.45299144	-30.7155632
13.50	21.45643282	-30.7101845
13.50	21.46057174	-30.7068455
13.50	21.44696358	-30.6816559
13.50	21.47316770	-30.6868209
13.50	21.48236368	-30.7042055
13.50	21.47958867	-30.7276489
13.50	21.44371766	-30.7320127
13.50	21.42884892	-30.7336345
13.50	21.40819133	-30.7276489
15.00	21.44941200	-30.7132900
15.00	21.44321400	-30.7115440
15.00	21.44234200	-30.7109660
15.00	22.22079733	-30.2690227
15.00	20.89338592	-30.2622409
15.00	21.11234320	-30.2606717
15.00	21.28299042	-30.3030725
15.00	20.59737551	-30.3086592
15.00	21.42360390	-30.3609729
15.00	21.48118526	-30.4373526
15.00	22.16226869	-30.5015692
15.00	21.53695202	-30.4952379
15.00	21.57663527	-30.5608503
15.00	21.56851985	-30.6225777
15.00	21.37421400	-30.6385840
15.00	21.32584356	-30.6437272
15.00	21.40633130	-30.6429630
15.00	21.42642666	-30.6536853
15.00	21.27685507	-30.6589218
15.00	21.45176724	-30.6593164
15.00	22.04977225	-30.6619131
15.00	21.57385067	-30.6696026
15.00	21.46088514	-30.6744684
15.00	21.46210788	-30.6866573
15.00	21.23102409	-30.6860554
15.00	21.46402731	-30.6923489
15.00	21.55113077	-30.6949733
15.00	21.42993471	-30.7011268
15.00	21.43449170	-30.7012640
15.00	21.43904900	-30.7023560
15.00	21.42155930	-30.7025800
15.00	21.46458680	-30.7028050
15.00	21.44446970	-30.7049820
15.00	21.41357280	-30.7061490
15.00	21.44098940	-30.7065170
15.00	21.44530070	-30.7078200
15.00	21.46222890	-30.7087440
15.00	21.44059060	-30.7089130
15.00	21.44368640	-30.7092540
15.00	21.43462880	-30.7093140
15.00	21.44163870	-30.7106900
15.00	21.44512020	-30.7111680
15.00	21.43909040	-30.7112780
15.00	21.44376390	-30.7112800
15.00	21.45227960	-30.7117290
15.00	21.44435920	-30.7118250
15.00	21.44054250	-30.7119180
15.00	21.44235580	-30.7120250
15.00	21.44357440	-30.7121070
15.00	21.44443750	-30.7121930
15.00	21.44391680	-30.7122070
15.00	21.44262560	-30.7122100
15.00	21.44332310	-30.7123170
15.00	21.44733450	-30.7124060
15.00	21.44165850	-30.7124090
15.00	21.44366750	-30.7124280
15.00	21.44296910	-30.7124500
15.00	21.44225140	-30.7124850
15.00	21.44422780	-30.7125440
15.00	21.40524010	-30.7125470
15.00	21.44567200	-30.7125520
15.00	21.44327960	-30.7125970
15.00	21.43524340	-30.7126480
15.00	21.44260440	-30.7127150
15.00	21.44293910	-30.7127220
15.00	21.44451070	-30.7128500
15.00	21.44511710	-30.7129410
15.00	21.44191320	-30.7129500
15.00	21.44268620	-30.7129810
15.00	21.45839335	-30.7129912
15.00	21.44410590	-30.7129910
15.00	21.44233810	-30.7130900
15.00	21.44322210	-30.7131740
15.00	21.44291700	-30.7132800
15.00	21.44393580	-30.7133280
15.00	21.44428830	-30.7133640
15.00	21.44003820	-30.7134050
15.00	21.44226280	-30.7134130
15.00	21.44359530	-30.7134340
15.00	21.44325480	-30.7134800
15.00	21.44461240	-30.7136030
15.00	21.44404990	-30.7136650
15.00	21.43775710	-30.7137170
15.00	21.44187790	-30.7137860
15.00	21.44248060	-30.7138090
15.00	21.44340360	-30.7138580
15.00	21.44274420	-30.7140230
15.00	21.44368330	-30.7141590
15.00	21.44579520	-30.7141600
15.00	21.44104980	-30.7146840
15.00	21.44355170	-30.7147780
15.00	21.44748350	-30.7148790
15.00	21.44216120	-30.7148870
15.00	21.44425170	-30.7151230
15.00	21.43989720	-30.7156800
15.00	21.45553830	-30.7157430
15.00	21.44393890	-30.7160270
15.00	21.43764190	-30.7161740
15.00	21.44499190	-30.7163770
15.00	21.44903640	-30.7172230
15.00	21.44466200	-30.7183580
15.00	21.43635580	-30.7187400
15.00	21.44021660	-30.7192650
15.00	21.44726590	-30.7202330
15.00	21.53229856	-30.7237543
15.00	21.43284944	-30.7209125
15.00	21.39749970	-30.7224260
15.00	21.43389914	-30.7251786
15.00	21.43764560	-30.7295150
15.00	21.51112423	-30.7347904
15.00	21.44241720	-30.7342510
15.00	21.18376996	-30.7288111
15.00	21.39170830	-30.7363330
15.00	21.45243193	-30.7397593
15.00	21.49322185	-30.7370509
15.00	21.46027220	-30.7420160
15.00	21.47284810	-30.7367150
15.00	21.39467576	-30.7522929
15.00	21.39716060	-30.7785514
15.00	21.92322223	-30.7791495
15.00	21.40684320	-30.8031212
15.00	21.14481950	-30.8098413
15.00	21.42369086	-30.8415849
15.00	21.80449227	-30.8444902
15.00	21.45895820	-30.8652901
15.00	21.52700126	-30.8796123
15.00	21.69733790	-30.8836760
15.00	21.63561248	-30.8691765
15.00	21.10890461	-30.9106109
15.00	21.07718370	-31.0418938
15.00	21.16952104	-31.2012550
15.00	21.26782295	-31.3407726
15.00	21.49901372	-31.5195923
0	21.44380306	-30.7129252
