13.5 21.44380306 -30.71292520 0
13.5 21.44390085 -30.71260530 0
13.5 21.44355442 -30.71307840 0
13.5 21.44319474 -30.71288040 0
13.5 21.44259918 -30.71333650 0
13.5 21.44282392 -30.71360890 0
13.5 21.44369852 -30.71372030 0
13.5 21.44295430 -30.71468770 0
13.5 21.44291274 -30.71588090 0
13.5 21.44422681 -30.71440230 0
13.5 21.44480900 -30.71567230 0
13.5 21.44476593 -30.71423140 0
13.5 21.44535056 -30.71437670 0
13.5 21.44636072 -30.71460420 0
13.5 21.44681895 -30.71363260 0
13.5 21.44608845 -30.71303150 0
13.5 21.44689743 -30.71273210 0
13.5 21.44597304 -30.71206820 0
13.5 21.44499267 -30.71327300 0
13.5 21.44567218 -30.71362790 0
13.5 21.44490234 -30.71375800 0
13.5 21.44079994 -30.71400720 0
13.5 21.44052529 -30.71233800 0
13.5 21.43999592 -30.71105090 0
13.5 21.44022471 -30.70970240 0
13.5 21.44198987 -30.70902090 0
13.5 21.44285617 -30.71090170 0
13.5 21.44431225 -30.71126440 0
13.5 21.44335543 -30.71184180 0
13.5 21.44296272 -30.71217460 0
13.5 21.44567669 -30.71002760 0
13.5 21.44646253 -30.71021010 0
13.5 21.44870382 -30.70947290 0
13.5 21.44995027 -30.70326370 0
13.5 21.44762369 -30.71131070 0
13.5 21.44792048 -30.71268720 0
13.5 21.44794236 -30.71367760 0
13.5 21.44785900 -30.71519790 0
13.5 21.44611607 -30.71618820 0
13.5 21.44653843 -30.71639640 0
13.5 21.44360936 -30.71747890 0
13.5 21.44088800 -30.71702300 0
13.5 21.44011369 -30.71520670 0
13.5 21.43731453 -30.71221260 0
13.5 21.43453602 -30.70564010 0
13.5 21.42475874 -30.70864930 0
13.5 21.42857562 -30.69525540 0
13.5 21.43785295 -30.71572090 0
13.5 21.41461230 -30.68682090 0
13.5 21.40625266 -30.70711430 0
13.5 21.42246555 -30.71866250 0
13.5 21.43501372 -30.71799440 0
13.5 21.43769653 -30.72141480 0
13.5 21.44398726 -30.72281970 0
13.5 21.45299144 -30.71556320 0
13.5 21.45643282 -30.71018450 0
13.5 21.46057174 -30.70684550 0
13.5 21.44696358 -30.68165590 0
13.5 21.47316770 -30.68682090 0
13.5 21.48236368 -30.70420550 0
13.5 21.47958867 -30.72764890 0
13.5 21.44371766 -30.73201270 0
13.5 21.42884892 -30.73363450 0
13.5 21.40819133 -30.72764890 0
15.0 21.44941200 -30.71329000 0
15.0 21.44321400 -30.71154400 0
15.0 21.44234200 -30.71096600 0
15.0 22.22079733 -30.26902270 0
15.0 20.89338592 -30.26224090 0
15.0 21.11234320 -30.26067170 0
15.0 21.28299042 -30.30307250 0
15.0 20.59737551 -30.30865920 0
15.0 21.42360390 -30.36097290 0
15.0 21.48118526 -30.43735260 0
15.0 22.16226869 -30.50156920 0
15.0 21.53695202 -30.49523790 0
15.0 21.57663527 -30.56085030 0
15.0 21.56851985 -30.62257770 0
15.0 21.37421400 -30.63858400 0
15.0 21.32584356 -30.64372720 0
15.0 21.40633130 -30.64296300 0
15.0 21.42642666 -30.65368530 0
15.0 21.27685507 -30.65892180 0
15.0 21.45176724 -30.65931640 0
15.0 22.04977225 -30.66191310 0
15.0 21.57385067 -30.66960260 0
15.0 21.46088514 -30.67446840 0
15.0 21.46210788 -30.68665730 0
15.0 21.23102409 -30.68605540 0
15.0 21.46402731 -30.69234890 0
15.0 21.55113077 -30.69497330 0
15.0 21.42993471 -30.70112680 0
15.0 21.43449170 -30.70126400 0
15.0 21.43904900 -30.70235600 0
15.0 21.42155930 -30.70258000 0
15.0 21.46458680 -30.70280500 0
15.0 21.44446970 -30.70498200 0
15.0 21.41357280 -30.70614900 0
15.0 21.44098940 -30.70651700 0
15.0 21.44530070 -30.70782000 0
15.0 21.46222890 -30.70874400 0
15.0 21.44059060 -30.70891300 0
15.0 21.44368640 -30.70925400 0
15.0 21.43462880 -30.70931400 0
15.0 21.44163870 -30.71069000 0
15.0 21.44512020 -30.71116800 0
15.0 21.43909040 -30.71127800 0
15.0 21.44376390 -30.71128000 0
15.0 21.45227960 -30.71172900 0
15.0 21.44435920 -30.71182500 0
15.0 21.44054250 -30.71191800 0
15.0 21.44235580 -30.71202500 0
15.0 21.44357440 -30.71210700 0
15.0 21.44443750 -30.71219300 0
15.0 21.44391680 -30.71220700 0
15.0 21.44262560 -30.71221000 0
15.0 21.44332310 -30.71231700 0
15.0 21.44733450 -30.71240600 0
15.0 21.44165850 -30.71240900 0
15.0 21.44366750 -30.71242800 0
15.0 21.44296910 -30.71245000 0
15.0 21.44225140 -30.71248500 0
15.0 21.44422780 -30.71254400 0
15.0 21.40524010 -30.71254700 0
15.0 21.44567200 -30.71255200 0
15.0 21.44327960 -30.71259700 0
15.0 21.43524340 -30.71264800 0
15.0 21.44260440 -30.71271500 0
15.0 21.44293910 -30.71272200 0
15.0 21.44451070 -30.71285000 0
15.0 21.44511710 -30.71294100 0
15.0 21.44191320 -30.71295000 0
15.0 21.44268620 -30.71298100 0
15.0 21.45839335 -30.71299120 0
15.0 21.44410590 -30.71299100 0
15.0 21.44233810 -30.71309000 0
15.0 21.44322210 -30.71317400 0
15.0 21.44291700 -30.71328000 0
15.0 21.44393580 -30.71332800 0
15.0 21.44428830 -30.71336400 0
15.0 21.44003820 -30.71340500 0
15.0 21.44226280 -30.71341300 0
15.0 21.44359530 -30.71343400 0
15.0 21.44325480 -30.71348000 0
15.0 21.44461240 -30.71360300 0
15.0 21.44404990 -30.71366500 0
15.0 21.43775710 -30.71371700 0
15.0 21.44187790 -30.71378600 0
15.0 21.44248060 -30.71380900 0
15.0 21.44340360 -30.71385800 0
15.0 21.44274420 -30.71402300 0
15.0 21.44368330 -30.71415900 0
15.0 21.44579520 -30.71416000 0
15.0 21.44104980 -30.71468400 0
15.0 21.44355170 -30.71477800 0
15.0 21.44748350 -30.71487900 0
15.0 21.44216120 -30.71488700 0
15.0 21.44425170 -30.71512300 0
15.0 21.43989720 -30.71568000 0
15.0 21.45553830 -30.71574300 0
15.0 21.44393890 -30.71602700 0
15.0 21.43764190 -30.71617400 0
15.0 21.44499190 -30.71637700 0
15.0 21.44903640 -30.71722300 0
15.0 21.44466200 -30.71835800 0
15.0 21.43635580 -30.71874000 0
15.0 21.44021660 -30.71926500 0
15.0 21.44726590 -30.72023300 0
15.0 21.53229856 -30.72375430 0
15.0 21.43284944 -30.72091250 0
15.0 21.39749970 -30.72242600 0
15.0 21.43389914 -30.72517860 0
15.0 21.43764560 -30.72951500 0
15.0 21.51112423 -30.73479040 0
15.0 21.44241720 -30.73425100 0
15.0 21.18376996 -30.72881110 0
15.0 21.39170830 -30.73633300 0
15.0 21.45243193 -30.73975930 0
15.0 21.49322185 -30.73705090 0
15.0 21.46027220 -30.74201600 0
15.0 21.47284810 -30.73671500 0
15.0 21.39467576 -30.75229290 0
15.0 21.39716060 -30.77855140 0
15.0 21.92322223 -30.77914950 0
15.0 21.40684320 -30.80312120 0
15.0 21.14481950 -30.80984130 0
15.0 21.42369086 -30.84158490 0
15.0 21.80449227 -30.84449020 0
15.0 21.45895820 -30.86529010 0
15.0 21.52700126 -30.87961230 0
15.0 21.69733790 -30.88367600 0
15.0 21.63561248 -30.86917650 0
15.0 21.10890461 -30.91061090 0
15.0 21.07718370 -31.04189380 0
15.0 21.16952104 -31.20125500 0
15.0 21.26782295 -31.34077260 0
15.0 21.49901372 -31.51959230 0
0.0 21.44380306 -30.71292520 0
