13.5	21.44290918	-30.71277901	0
13.5	21.44301148	-30.71249037	0
13.5	21.44264923	-30.71291702	0
13.5	21.44227445	-30.71273842	0
13.5	21.44165225	-30.71315063	0
13.5	21.44188713	-30.71339597	0
13.5	21.4428006	-30.7134961	0
13.5	21.44202284	-30.71436923	0
13.5	21.44198003	-30.71544532	0
13.5	21.44335182	-30.71411127	0
13.5	21.44395942	-30.7152568	0
13.5	21.44391452	-30.71395702	0
13.5	21.44452524	-30.71408871	0
13.5	21.44557966	-30.71429344	0
13.5	21.44605777	-30.71341759	0
13.5	21.44529462	-30.7128755	0
13.5	21.44613918	-30.71260489	0
13.5	21.44517455	-30.71200598	0
13.5	21.44415149	-30.7130929	0
13.5	21.44486035	-30.7134131	0
13.5	21.44405649	-30.71353037	0
13.5	21.43977414	-30.71375494	0
13.5	21.4394871	-30.71224949	0
13.5	21.4389349	-30.71108859	0
13.5	21.43917401	-30.7098718	0
13.5	21.44101655	-30.70925758	0
13.5	21.44192057	-30.71095426	0
13.5	21.44344054	-30.71128078	0
13.5	21.44244149	-30.71180214	0
13.5	21.44203226	-30.7121025	0
13.5	21.4448655	-30.7101659	0
13.5	21.44568604	-30.71033005	0
13.5	21.44802545	-30.7096652	0
13.5	21.44932582	-30.70406461	0
13.5	21.44689808	-30.71132312	0
13.5	21.44720714	-30.71256427	0
13.5	21.44723015	-30.71345815	0
13.5	21.44714356	-30.71482919	0
13.5	21.44532392	-30.71572222	0
13.5	21.44576449	-30.71590983	0
13.5	21.44270664	-30.71688672	0
13.5	21.43986592	-30.71647537	0
13.5	21.43905793	-30.71483732	0
13.5	21.43613602	-30.7121366	0
13.5	21.43323548	-30.70620756	0
13.5	21.42302884	-30.70892051	0
13.5	21.42701546	-30.69683964	0
13.5	21.43669746	-30.71530085	0
13.5	21.41244243	-30.68922952	0
13.5	21.40371069	-30.70753153	0
13.5	21.42063305	-30.71795277	0
13.5	21.43373339	-30.71735092	0
13.5	21.43653426	-30.72043684	0
13.5	21.44310127	-30.72170431	0
13.5	21.45250129	-30.71515814	0
13.5	21.45609403	-30.71030596	0
13.5	21.46041432	-30.70729457	0
13.5	21.44620819	-30.68457422	0
13.5	21.47355757	-30.68922952	0
13.5	21.48316197	-30.70490734	0
13.5	21.48027335	-30.72605472	0
13.5	21.44282041	-30.72999639	0
13.5	21.4272948	-30.73145849	0
13.5	21.40572665	-30.72605472	0
15	21.44299631	-30.7130414	0
15	21.44265592	-30.71265991	0
15	21.44233813	-30.71309056	0
15	21.44226286	-30.71341357	0
15	21.44261018	-30.71387738	0
15	21.44279716	-30.71410676	0
15	21.44368338	-30.71415907	0
15	21.44433211	-30.71393176	0
15	21.44471315	-30.71375424	0
15	21.44512864	-30.71309641	0
15	21.44496262	-30.71189864	0
15	21.44391355	-30.71094343	0
15	21.44343146	-30.71064668	0
15	21.44163871	-30.71069087	0
15	21.44018136	-30.71102729	0
15	21.43909044	-30.71127892	0
15	21.43775719	-30.71371735	0
15	21.43761509	-30.71602159	0
15	21.44021662	-30.71926527	0
15	21.44726594	-30.72023308	0
15	21.44316299	-30.71282277	0
15	21.44327969	-30.71259776	0
15	21.44270857	-30.71237832	0
15	21.44225145	-30.71248571	0
15	21.44191324	-30.71295081	0
15	21.44206282	-30.71319767	0
15	21.44193515	-30.71392004	0
15	21.44238573	-30.71438277	0
15	21.44269923	-30.71464074	0
15	21.44355174	-30.71477875	0
15	21.4448186	-30.71427271	0
15	21.44554622	-30.71311525	0
15	21.44572368	-30.71262717	0
15	21.44512024	-30.71116802	0
15	21.44429969	-30.7100739	0
15	21.44368648	-30.70925489	0
15	21.44059064	-30.70891391	0
15	21.43801005	-30.70950825	0
15	21.4352434	-30.71264853	0
15	21.43635584	-30.71874017	0
15	21.44341558	-30.71306263	0
15	21.44360288	-30.71283424	0
15	21.44357388	-30.71255795	0
15	21.44331496	-30.71229103	0
15	21.44271845	-30.71209259	0
15	21.44237879	-30.71205282	0
15	21.44165852	-30.71240954	0
15	21.44128791	-30.71292248	0
15	21.44110103	-30.71325985	0
15	21.44121168	-30.71400301	0
15	21.44216127	-30.71488789	0
15	21.4436598	-30.71512782	0
15	21.44425174	-30.71512331	0
15	21.44579523	-30.71416001	0
15	21.44662255	-30.71316402	0
15	21.4473345	-30.71240677	0
15	21.44675291	-30.70975725	0
15	21.44530077	-30.70782068	0
15	21.44098947	-30.7065173	0
15	21.4346288	-30.70931415	0
15	21.44308084	-30.71329668	0
15	21.44333457	-30.71329524	0
15	21.44366925	-30.71329006	0
15	21.44387776	-30.71303974	0
15	21.44391221	-30.71248811	0
15	21.4439168	-30.71220786	0
15	21.44323551	-30.71171555	0
15	21.44255632	-30.71156942	0
15	21.44212705	-30.71151981	0
15	21.44134325	-30.71184092	0
15	21.44066258	-30.71289417	0
15	21.44086194	-30.71419964	0
15	21.44104985	-30.71468492	0
15	21.44253083	-30.71555898	0
15	21.44393897	-30.71602711	0
15	21.44499195	-30.71637798	0
15	21.44772924	-30.71508173	0
15	21.44941202	-30.7132902	0
15	21.44951407	-30.70934492	0
15	21.44446977	-30.70498209	0
15	21.44280692	-30.71316462	0
15	21.44256578	-30.71336838	0
15	21.4429766	-30.7136587	0
15	21.44322748	-30.71373351	0
15	21.44379564	-30.71363042	0
15	21.4442428	-30.71339677	0
15	21.4444866	-30.7127965	0
15	21.44443752	-30.71219333	0
15	21.44435922	-30.71182559	0
15	21.44376396	-30.71128078	0
15	21.4423942	-30.71104626	0
15	21.44101859	-30.71161361	0
15	21.44054255	-30.71191848	0
15	21.44003827	-30.71340533	0
15	21.43995785	-30.71470745	0
15	21.43989726	-30.71568071	0
15	21.4421696	-30.71752985	0
15	21.44466208	-30.71835878	0
15	21.44903644	-30.71722303	0
15	21.45227964	-30.71172965	0
15	21.43391481	-30.71994329	0
15	21.43422674	-30.72252483	0
15	21.43518704	-30.72542934	0
15	21.43696285	-30.72858643	0
15	21.43973281	-30.73188784	0
15	21.44367226	-30.73518018	0
15	21.44894899	-30.73825586	0
15	21.45570865	-30.74086215	0
15	21.46541868	-30.74224744	0
15	21.4757178	-30.73619755	0
15	21.48580288	-30.73862379	0
15	21.49836462	-30.73710569	0
15	21.51259436	-30.73309595	0
15	21.52731964	-30.72385977	0
15	21.5420068	-30.71072258	0
15	21.55572451	-30.69313408	0
15	21.568711	-30.66941939	0
15	21.57538254	-30.64281065	0
15	21.57855312	-30.61191007	0
15	21.57330418	-30.57113888	0
15	21.54027203	-30.53706888	0
15	21.52658516	-30.48769809	0
15	21.48197621	-30.45534535	0
15	21.48155238	-30.4026365	0
15	21.39404332	-30.2979068	0
15	21.25880091	-30.29094813	0
15	21.13144246	-30.27127372	0
15	20.98104392	-30.2771032	0
15	20.81300382	-30.27653294	0
15	20.62067455	-30.32309006	0
15	21.45450484	-30.71632517	0
15	21.45693713	-30.71479874	0
15	21.45936923	-30.7126287	0
15	21.46163406	-30.70972169	0
15	21.46356453	-30.70599974	0
15	21.46488923	-30.70140742	0
15	21.46533681	-30.69592317	0
15	21.46457344	-30.68956417	0
15	21.46221325	-30.68242065	0
15	21.45783924	-30.67466398	0
15	21.45103047	-30.66655553	0
15	21.44134834	-30.65845574	0
15	21.42838349	-30.65087805	0
15	21.41177635	-30.64447086	0
15	21.39128983	-30.64002643	0
15	21.36681815	-30.63851706	0
15	21.33847285	-30.64105005	0
15	21.30654041	-30.64889499	0
15	21.27198272	-30.66341251	0
15	21.23572766	-30.68606318	0
15	21.19953611	-30.71828114	0
15	21.1655868	-30.76145636	0
15	21.13679374	-30.81672825	0
15	21.11670737	-30.88504857	0
15	21.10973317	-30.96665746	0
15	21.12082655	-31.06129781	0
15	21.19264791	-31.14739325	0
15	21.21395012	-31.34947222	0
15	21.36363645	-31.42192404	0
15	21.46780337	-31.52442318	0
15	21.44016908	-30.70280734	0
15	21.43738205	-30.70183309	0
15	21.43396458	-30.70120149	0
15	21.42991035	-30.70107487	0
15	21.42523388	-30.70164257	0
15	21.42002478	-30.703103	0
15	21.41439765	-30.7056762	0
15	21.40856096	-30.70960571	0
15	21.40280666	-30.71511799	0
15	21.39749979	-30.72242696	0
15	21.39314128	-30.73171595	0
15	21.3903263	-30.74310707	0
15	21.38975495	-30.75662776	0
15	21.39226387	-30.77219717	0
15	21.39877423	-30.7895719	0
15	21.41458761	-30.80430746	0
15	21.42964058	-30.82773255	0
15	21.45249541	-30.84852714	0
15	21.48479181	-30.86797847	0
15	21.52674382	-30.87911901	0
15	21.57770577	-30.88845648	0
15	21.63815927	-30.89018337	0
15	21.70779037	-30.88632439	0
15	21.77759204	-30.89758106	0
15	21.89048543	-30.8277336	0
15	21.96942622	-30.77688471	0
15	22.0336289	-30.6717046	0
15	22.11878947	-30.57089329	0
15	22.18246249	-30.43227338	0
15	22.22674656	-30.26264765	0
0	21.443	-30.713	0
