15 21.449412 -30.71329 0
15 21.443214 -30.711544 0
15 21.442342 -30.710966 0
15 22.2217939 -30.262608 0
15 20.8890257 -30.266774 0
15 21.1118102 -30.268699 0
15 21.2857055 -30.308442 0
15 20.6206745 -30.32309 0
15 21.4128112 -30.369509 0
15 21.4812139 -30.439265 0
15 22.1574255 -30.495371 0
15 21.5473569 -30.508317 0
15 21.5733041 -30.571138 0
15 21.56761 -30.622713 0
15 21.374214 -30.638584 0
15 21.3340906 -30.641813 0
15 21.4063313 -30.642963 0
15 21.430449 -30.651906 0
15 21.2871238 -30.656278 0
15 21.4472571 -30.663055 0
15 22.0491848 -30.663947 0
15 21.5687373 -30.666963 0
15 21.4578392 -30.674663 0
15 21.4634453 -30.685568 0
15 21.2352359 -30.685611 0
15 21.466419 -30.693932 0
15 21.5519732 -30.698639 0
15 21.4286368 -30.701155 0
15 21.4344917 -30.701264 0
15 21.439049 -30.702356 0
15 21.4215593 -30.70258 0
15 21.4645868 -30.702805 0
15 21.4444697 -30.704982 0
15 21.4135728 -30.706149 0
15 21.4409894 -30.706517 0
15 21.4453007 -30.70782 0
15 21.4622289 -30.708744 0
15 21.4405906 -30.708913 0
15 21.4436864 -30.709254 0
15 21.4346288 -30.709314 0
15 21.4416387 -30.71069 0
15 21.4451202 -30.711168 0
15 21.4390904 -30.711278 0
15 21.4437639 -30.71128 0
15 21.4522796 -30.711729 0
15 21.4443592 -30.711825 0
15 21.4405425 -30.711918 0
15 21.4423558 -30.712025 0
15 21.4435744 -30.712107 0
15 21.4444375 -30.712193 0
15 21.4439168 -30.712207 0
15 21.4426256 -30.71221 0
15 21.4433231 -30.712317 0
15 21.4473345 -30.712406 0
15 21.4416585 -30.712409 0
15 21.4436675 -30.712428 0
15 21.4429691 -30.71245 0
15 21.4422514 -30.712485 0
15 21.4442278 -30.712544 0
15 21.4052401 -30.712547 0
15 21.445672 -30.712552 0
15 21.4432796 -30.712597 0
15 21.4352434 -30.712648 0
15 21.4426044 -30.712715 0
15 21.4429391 -30.712722 0
15 21.4445107 -30.71285 0
15 21.4451171 -30.712941 0
15 21.4419132 -30.71295 0
15 21.4426862 -30.712981 0
15 21.4590247 -30.712981 0
15 21.4441059 -30.712991 0
15 21.4423381 -30.71309 0
15 21.4432221 -30.713174 0
15 21.442917 -30.71328 0
15 21.4439358 -30.713328 0
15 21.4442883 -30.713364 0
15 21.4400382 -30.713405 0
15 21.4422628 -30.713413 0
15 21.4435953 -30.713434 0
15 21.4432548 -30.71348 0
15 21.4446124 -30.713603 0
15 21.4440499 -30.713665 0
15 21.4377571 -30.713717 0
15 21.4418779 -30.713786 0
15 21.4424806 -30.713809 0
15 21.4434036 -30.713858 0
15 21.4427442 -30.714023 0
15 21.4436833 -30.714159 0
15 21.4457952 -30.71416 0
15 21.4410498 -30.714684 0
15 21.4435517 -30.714778 0
15 21.4474835 -30.714879 0
15 21.4421612 -30.714887 0
15 21.4442517 -30.715123 0
15 21.4398972 -30.71568 0
15 21.4555383 -30.715743 0
15 21.4439389 -30.716027 0
15 21.4376419 -30.716174 0
15 21.4449919 -30.716377 0
15 21.4490364 -30.717223 0
15 21.444662 -30.718358 0
15 21.4363558 -30.71874 0
15 21.4402166 -30.719265 0
15 21.4472659 -30.720233 0
15 21.533032 -30.723924 0
15 21.4339794 -30.721009 0
15 21.3974997 -30.722426 0
15 21.4350033 -30.724996 0
15 21.4376456 -30.729515 0
15 21.5105276 -30.734134 0
15 21.4424172 -30.734251 0
15 21.1844568 -30.735364 0
15 21.3917083 -30.736333 0
15 21.4498209 -30.738661 0
15 21.4908526 -30.736857 0
15 21.4602722 -30.742016 0
15 21.4728481 -30.736715 0
15 21.3946819 -30.753799 0
15 21.3936716 -30.776987 0
15 21.9307624 -30.781482 0
15 21.4064274 -30.80286 0
15 21.1403739 -30.808077 0
15 21.4255118 -30.839095 0
15 21.8087982 -30.850668 0
15 21.4607747 -30.865551 0
15 21.5267438 -30.879119 0
15 21.6973379 -30.883676 0
15 21.6024953 -30.890232 0
15 21.1131812 -30.907047 0
15 21.078446 -31.040003 0
15 21.1654996 -31.187658 0
15 21.2740177 -31.351808 0
15 21.4678033 -31.524423 0
15 21.4469635 -30.681655 0
15 21.4146123 -30.68682 0
15 21.4731677 -30.68682 0
15 21.4285756 -30.695255 0
15 21.4499502 -30.703263 0
15 21.4823636 -30.704205 0
15 21.434536 -30.70564 0
15 21.4605717 -30.706845 0
15 21.4062526 -30.707114 0
15 21.4247587 -30.708649 0
15 21.4419898 -30.70902 0
15 21.4487038 -30.709472 0
15 21.4402247 -30.709702 0
15 21.4456766 -30.710027 0
15 21.4564328 -30.710184 0
15 21.4464625 -30.71021 0
15 21.4428561 -30.710901 0
15 21.4399959 -30.71105 0
15 21.4443122 -30.711264 0
15 21.4476236 -30.71131 0
15 21.4433554 -30.711841 0
15 21.445973 -30.712068 0
15 21.4429627 -30.712174 0
15 21.4373145 -30.712212 0
15 21.4405252 -30.712338 0
15 21.4439008 -30.712605 0
15 21.4479204 -30.712687 0
15 21.4468974 -30.712732 0
15 21.4431947 -30.71288 0
15 21.443803 -30.712925 0
15 21.4460884 -30.713031 0
15 21.4435544 -30.713078 0
15 21.4449926 -30.713273 0
15 21.4425991 -30.713336 0
15 21.4428239 -30.713608 0
15 21.4456721 -30.713627 0
15 21.4468189 -30.713632 0
15 21.4479423 -30.713677 0
15 21.4436985 -30.71372 0
15 21.4449023 -30.713758 0
15 21.4407999 -30.714007 0
15 21.4447659 -30.714231 0
15 21.4453505 -30.714376 0
15 21.4442268 -30.714402 0
15 21.4463607 -30.714604 0
15 21.4429543 -30.714687 0
15 21.447859 -30.715197 0
15 21.4401136 -30.715206 0
15 21.4529914 -30.715563 0
15 21.444809 -30.715672 0
15 21.4378529 -30.71572 0
15 21.4429127 -30.71588 0
15 21.446116 -30.716188 0
15 21.4465384 -30.716396 0
15 21.440888 -30.717023 0
15 21.4436093 -30.717478 0
15 21.4350137 -30.717994 0
15 21.4224655 -30.718662 0
15 21.4376965 -30.721414 0
15 21.4439872 -30.722819 0
15 21.4795886 -30.727648 0
15 21.4081913 -30.727648 0
15 21.4437176 -30.732012 0
15 21.4288489 -30.733634 0
0 21.41099925 -30.7215721 0
