15 3679.511157 917.5617565 -1.12668879
15 3085.867839 1111.318161 -0.8430642713
15 3002.356412 1175.421515 -0.8147799267
15 78021.16124 50598.55037 -678.3611929
15 -50227.34073 50301.87702 -396.7863478
15 -28789.42191 50166.96547 -263.0315491
15 -12051.55843 45792.95745 -176.4456857
15 -76004.85985 43908.08629 -604.25493
15 174.1769992 39030.06287 -119.9149062
15 6744.713458 31294.97163 -80.65566595
15 71657.48523 24838.75661 -450.7642304
15 13089.06193 23634.0612 -57.387086
15 15569.72011 16666.35173 -40.8518024
15 15015.53801 10949.41093 -27.09672491
15 -3526.327734 9199.809756 -7.636108845
15 -7372.412426 8839.883031 -10.40818941
15 -447.4614458 8714.908784 -5.994038252
15 1864.2471 7723.305668 -4.967499239
15 -11872.84573 7232.215414 -15.15816126
15 3474.894601 6486.888162 -4.25805078
15 61160.86442 6214.547177 -296.0315706
15 15116.73708 6043.564226 -20.77344114
15 4488.529381 5199.606224 -3.706115942
15 5025.180027 3990.39715 -3.231276079
15 -16840.94079 3973.608715 -23.45707388
15 5309.650736 3062.992659 -2.946646157
15 13505.75335 2533.97835 -14.79223391
15 1689.691298 2263.399021 -0.6268728135
15 2250.592811 2251.211959 -0.7956475423
15 2687.154982 2130.047774 -0.9227004543
15 1011.646321 2105.50256 -0.4291117025
15 5133.641831 2079.379271 -2.404529509
15 3206.369012 1838.775498 -1.071378345
15 246.53544 1709.872342 -0.2348950938
15 2872.921228 1668.69295 -0.8656470948
15 3285.880132 1524.118213 -1.02851728
15 4907.456458 1421.061119 -2.045252541
15 2834.647932 1403.071881 -0.7843121095
15 3131.193248 1365.184759 -0.9146233346
15 2263.539144 1358.75073 -0.5466262008
15 2934.994896 1206.038734 -0.7891935583
15 3268.476397 1152.949217 -0.941368459
15 2690.873446 1140.914319 -0.6695922465
15 3138.551592 1140.571133 -0.8739341218
15 3954.258749 1090.523693 -1.318302497
15 3195.557874 1080.133162 -0.8916511171
15 2829.952555 1069.925289 -0.7173782545
15 3003.645514 1058.015626 -0.7947459026
15 3120.372617 1048.891465 -0.8492219909
15 3203.046089 1039.332785 -0.8885971106
15 3153.167846 1037.795437 -0.8635140596
15 3029.483885 1037.498433 -0.8035713263
15 3096.293893 1025.61688 -0.8336970647
15 3480.541699 1015.63232 -1.030028923
15 2936.839483 1015.462115 -0.7567168029
15 3129.2803 1013.301359 -0.8478051467
15 3062.380119 1010.881617 -0.8149758465
15 2993.630827 1007.020735 -0.781752531
15 3182.947426 1000.425306 -0.8722972494
15 -551.6663261 1000.550063 -0.102637934
15 3321.286385 999.4965122 -0.9426264039
15 3092.118106 994.5760116 -0.826736969
15 2322.333478 989.1159018 -0.499431597
15 3027.437367 981.5124174 -0.7937028348
15 3059.497844 980.7272831 -0.808866562
15 3210.03615 966.4926955 -0.8806076568
15 3268.119666 956.3865095 -0.9085494123
15 2961.220582 955.4777052 -0.7586738482
15 3035.264607 952.0202397 -0.792931025
15 4600.314608 951.4640678 -1.728828463
15 3171.256058 950.8723118 -0.8588674604
15 3001.917047 939.9453739 -0.775364104
15 3086.591837 930.6087575 -0.8143689563
15 3057.363299 918.8654728 -0.798593971
15 3154.951366 913.5157586 -0.8453063031
15 3188.715716 909.5146659 -0.8615084223
15 2781.602909 905.0823427 -0.6705007522
15 2994.694156 904.1381393 -0.7667740055
15 3122.331881 901.7736457 -0.8275906493
15 3089.71438 896.6833064 -0.8109998476
15 3219.7529 883.0087796 -0.873347271
15 3165.869855 876.1511908 -0.8454481055
15 2563.0911 870.5469559 -0.5742004968
15 2957.813715 862.7958763 -0.7438293497
15 3015.544608 860.2299416 -0.7704912713
15 3103.955619 854.7723975 -0.8121304315
15 3040.787684 836.4978096 -0.7792959306
15 3130.737864 821.3943916 -0.8208050978
15 3333.032359 821.2226696 -0.9231986195
15 2878.464753 763.2610468 -0.6948172391
15 3118.112258 752.7728923 -0.8061227661
15 3494.725191 741.4596572 -0.9998572976
15 2984.916633 740.7264871 -0.7410370012
15 3185.152043 714.504944 -0.8348004294
15 2768.031732 652.8689416 -0.6336719282
15 4266.233985 645.3939705 -1.458348711
15 3155.160447 614.2922021 -0.8094247419
15 2551.991584 598.1553236 -0.5382629026
15 3256.011435 575.4594973 -0.8564304103
15 3643.385037 481.5436394 -1.05794946
15 3224.345809 355.8462272 -0.8242585874
15 2428.736971 313.7052717 -0.4697628688
15 2798.522391 255.4113617 -0.618549504
15 3473.689976 147.8972591 -0.9468236264
15 11688.07983 -267.1015074 -10.7055989
15 2201.065734 62.2024081 -0.3797614937
15 -1292.983855 -94.74518206 -0.1316496974
15 2299.041465 -379.8357464 -0.4253466648
15 2551.994577 -880.8908554 -0.5711804152
15 9531.646102 -1396.901819 -7.26953731
15 3008.836723 -1406.065136 -0.8646968175
15 -21695.23051 -1550.94771 -37.05533572
15 -1847.417567 -1636.623352 -0.4781559762
15 3717.705443 -1895.20153 -1.365270501
15 7647.194063 -1697.28009 -4.80712638
15 4718.397041 -2267.546666 -2.148483987
15 5922.994005 -1680.448035 -2.970041854
15 -1562.36581 -3572.947674 -1.19605102
15 -1658.703078 -6143.70923 -3.186572391
15 49751.74591 -6757.20677 -197.4676371
15 -437.5268204 -9012.020367 -6.407877947
15 -25897.39655 -9621.644397 -59.81723232
15 1388.332142 -13029.3389 -13.51374352
15 38050.26364 -14379.78805 -129.6765508
15 4760.423564 -15963.39327 -21.83361336
15 11068.00972 -17472.29002 -33.6246075
15 27379.58659 -18006.751 -84.23760467
15 18309.57037 -18714.27544 -53.82489851
15 -28470.31698 -20600.67672 -96.89169407
15 -31746.80871 -35350.49738 -177.3055021
15 -23400.1515 -51699.37299 -253.2765587
15 -13034.03484 -69880.86812 -397.6945085
15 5395.112483 -89011.80851 -625.946836
15 3446.096165 4424.830478 -2.471310585
15 346.1842208 3852.764714 -1.177809171
15 5956.666033 3851.119361 -3.946522968
15 1683.930727 2917.499203 -0.8921006397
15 3731.450599 2029.181861 -1.414679905
15 6836.544711 1923.220509 -3.951899114
15 2254.735023 1766.06857 -0.643697948
15 4748.800885 1631.664035 -1.975864857
15 -454.7049009 1602.881371 -0.2184294874
15 1318.064369 1432.633203 -0.2976288828
15 2968.678385 1391.173183 -0.8426174527
15 3611.815798 1340.865473 -1.163280038
15 2799.574444 1315.609001 -0.7501172523
15 3321.813545 1279.42926 -0.9931163782
15 4352.164474 1261.655547 -1.608863303
15 3397.090074 1259.117518 -1.028672224
15 3051.604656 1182.613833 -0.8394670694
15 2777.618532 1166.169351 -0.711332897
15 3191.074201 1142.329493 -0.9002889001
15 3508.274157 1137.130825 -1.065797927
15 3099.403122 1078.387501 -0.8439455478
15 3350.135758 1053.145991 -0.966369512
15 3061.775783 1041.480401 -0.8196292257
15 2520.734305 1037.40812 -0.5823944178
15 2828.28313 1023.362625 -0.7089661652
15 3151.622268 993.6718039 -0.8556951812
15 3536.654607 984.4610584 -1.055962045
15 3438.660473 979.5039667 -1.001657901
15 3083.976576 963.2036859 -0.8179639367
15 3142.243684 958.1978969 -0.8456216514
15 3361.15653 946.3799949 -0.9553585501
15 3118.425579 941.2425611 -0.8314070841
15 3256.182766 919.5831033 -0.8970148949
15 3026.91029 912.6656813 -0.7831878775
15 3048.435046 882.5044357 -0.7891684061
15 3321.259129 880.3171287 -0.924977382
15 3431.109151 879.7282837 -0.9829927008
15 3538.716251 874.7044721 -1.041042373
15 3132.208027 870.063507 -0.8280062029
15 3247.516787 865.8164158 -0.8850442488
15 2854.547417 838.3227431 -0.6935404201
15 3234.435475 813.3814225 -0.8714722106
15 3290.428134 797.2890558 -0.8980473233
15 3182.790625 794.4390055 -0.8431168881
15 3387.184915 771.9818616 -0.9455269478
15 3060.891787 762.8780247 -0.7796355686
15 3530.681706 706.1929621 -1.01562404
15 2788.773555 705.4133928 -0.6483173326
15 4022.283191 665.4437069 -1.302046459
15 3238.515781 653.6243296 -0.8550929469
15 2572.214468 648.4830281 -0.5513179452
15 3056.869403 630.6177166 -0.7632007221
15 3363.690741 596.3797317 -0.9141900761
15 3404.143409 573.3071513 -0.9335091377
15 2862.897255 503.9529139 -0.6619511666
15 3123.542587 453.4368876 -0.7803566129
15 2300.203763 396.4385832 -0.4267800156
15 1098.277503 322.5711243 -0.1026662246
15 2557.083223 17.22336243 -0.5121603939
15 3159.56545 -138.7018596 -0.7834142197
15 6569.116874 -675.6118101 -3.415880268
15 -268.9303241 -673.6064603 -0.04138098708
15 3133.445959 -1157.874274 -0.8745555461
15 1709.437643 -1337.376088 -0.3696637824
0 21.41099925 -30.7215721 0
